              h       Derivada Numérica      Derivada Analítica           Error Absoluto
------------------------------------------------------------------------------------------
     0.50000000       -0.540244866709011        0.540302305868140        1.080547172577151
     0.20000000       -0.540302060786557        0.540302305868140        1.080604366654697
     0.10000000       -0.540302302016335        0.540302305868140        1.080604607884475
     0.05000000       -0.540302305807870        0.540302305868140        1.080604611676010
     0.02000000       -0.540302305867893        0.540302305868140        1.080604611736033
     0.01000000       -0.540302305868124        0.540302305868140        1.080604611736264
     0.00500000       -0.540302305868128        0.540302305868140        1.080604611736268
     0.00200000       -0.540302305868137        0.540302305868140        1.080604611736276
     0.00100000       -0.540302305868037        0.540302305868140        1.080604611736177
